{
 "cells": [
  {
   "cell_type": "code",
   "execution_count": 2,
   "metadata": {
    "collapsed": false
   },
   "outputs": [],
   "source": [
    "%matplotlib inline\n",
    "%reload_ext autoreload\n",
    "%autoreload 2\n",
    "\n",
    "import numpy as np\n",
    "import pylab as plt\n",
    "from scipy.signal import convolve2d, correlate2d\n",
    "import vision.sim_tools.kernels.center_surround as csgen\n",
    "import vision.sim_tools.kernels.gabor as gabgen\n",
    "from vision.spike_tools.vis import my_imshow\n",
    "\n",
    "def mse(mat0, mat1):\n",
    "    return ((mat0 - mat1)**2).mean()\n"
   ]
  },
  {
   "cell_type": "code",
   "execution_count": 9,
   "metadata": {
    "collapsed": false
   },
   "outputs": [
    {
     "name": "stdout",
     "output_type": "stream",
     "text": [
      "(-0.1825167823773711, 0.34327059639417767)\n",
      "6.32827124036e-15\n",
      "1.0\n"
     ]
    },
    {
     "data": {
      "image/png": [
       "iVBORw0KGgoAAAANSUhEUgAAASoAAADxCAYAAAB8tPp3AAAABHNCSVQICAgIfAhkiAAAAAlwSFlz\n",
       "AAALEgAACxIB0t1+/AAADw1JREFUeJzt3X/sXfVdx/Hn19LCZp0DloCsLHS/sq2FAQGGM4wvDBOC\n",
       "ZmBwkYY53NQYEwGNwsDpsIlmW8EfU7MF3I8wN5iKg9XIdGD41k1Y1zHaUX6Ic10EOtjklzLX0n57\n",
       "/eNzvnwv93vuPeeec2/Ph3efj+Sk98c593NO2/PO5/O5554XSJIkSZIkSZIkSZIkTdXM6LeP+l/Y\n",
       "uXL/7IqkPpuA2TYfcAj0dtVf/SngsDbtTVNFoaIHV+2XHSl3UYdtA8ev7rb9td02z/aO29+6o8PG\n",
       "r++wbYD1UH1+Vun9Yc0Vfy/90ba9qTmo6x2QND3Lu96BCbFQSYFFOcGjHIekEvaoJGXvJV3vwIRY\n",
       "qKTAopzgUY5DUgmHfpKyF+UEj3IckkrYo5KUPQuVpOxFOcGjHIekEl6eICl7UYZ+P9L1DkianoNq\n",
       "LkOcDTwI/AfwvpL3zwW2AfcAdwNnjrHtWOxRSYG16FEtA/4SOAt4FNgCbAQe6FvnduALxeNjgZuB\n",
       "19bcdiz2qKTAWvSoTgG+BXwH2AN8jtSD6veDvscrgf8eY9uxWKikwJbXXEq8Eni47/kjxWuDziP1\n",
       "lL4IXDLmtrU59JMCG/at31eLZYRezSZuKZbTgL8G3lBzu7FYqKTAhs1RnVYsCz6ydJVHgaP7nh9N\n",
       "6hkN82VSPTmsWG+cbSs59JMCazFH9XXgdcAxwArgF0gT4v1ew+Lti08s/nyi5rZjH4ekoJbXPcP3\n",
       "lr7yG8A/k77F+wRpLurXivevBc4H3k2aMH8WuKBi28YsVFJgBzUvVJAmyL848Nq1fY83FEvdbRuz\n",
       "UEmBLV/W9R5MhoVKCqx2jypzQQ5DUpnlB3e9B5NhoZIiC3KGBzkMSaWCnOFBDkNSqSBneJDDkFTK\n",
       "b/0kZS/IGT5T8X6PmW/vlx0p9cHV3bUNnHv5jZ22P8umTtu/g9lO29/44QuqV5qWK3d01zYAr4bq\n",
       "87NKr3dsvRVn7mUS7U1NkHorqZSXJ0jKXpAzPMhhSCrlZLqk7AU5w4MchqRSQc7wIIchqVSQMzzI\n",
       "YUgqFWSOylsRS5EdUnMpVxUieiEpgPSbwL8Bxw28v4wUTvoPLY4AsEclxda8R1UnRPTbwNuAZ0hF\n",
       "7Trg1L73LwXuB36s8V4U7FFJkTVPd6gTInoXqUgBbAZW9b23CjgH+DgTuOLdQiVF1rxQjRsi+svA\n",
       "rX3P/xS4DNjXbMdfyKGfFFnzoV/dAFKAM4D3Aj9VPP9Z4Huk+anZxnvQx0IlRTbkDJ/bCXPfHbll\n",
       "3QDS44C/Is1RPVW89lbgHaSh3yHAy4BPk6K1GrFQSZENOcNnX5WWBevvWbJKf4joTlKI6LqBdV4F\n",
       "fB54F2k+a8HvFgvA6cDv0KJIgYVKiq353RPqBJB+ADgU+Fjx2h7SJPygcYaRpSxUUmTtzvCqANJf\n",
       "KZZRNhVLKxYqKbIgZ3iQw5BUKshPaCxUUmRBzvAghyGpVJAzPMhhSCrlPdMlZS/IGR7kMCSVCnKG\n",
       "BzkMSaX81k9S9oKc4UEOQ1KpIGd4kMOQVMqhn6TsDb8f+ouKhUqKLMgZHuQwJJVy6Ccpe0HO8Kp0\n",
       "iB4ntL7nVWPn3n1jZ20D3HzThZ22P3N1d3/3AL3LW4eHtHLe+Td01vbGEy/orG0Ats5A+/SWXu/W\n",
       "6pUAZs5hEu1NTZB6K6lUkKGfcVlSZM3jsqA6KfkNpGy/XcBvD7x3JXAfcC9wAy1/Hm2hkiI7uOay\n",
       "1EJS8tnAm0jBDm8cWOcJ4GLgmoHXjwF+FTgROLb4rFZjaQuVFNl0k5K/T0qr2TPw+v8Ur720+PSX\n",
       "kuK3GrNQSZHtv6Tkfk8Cfwz8Fylq62ng9rH3vY+T6VJkwwJIt8Dc10du2eYr59cAv0kaAj4D/B1w\n",
       "IfDZph9ooZIiG/Kt3+ypaVmw/tolq9RNSi5zEnAnaQ4LUkjpW2lRqBz6SZE1H/r1JyWvICUlbxzS\n",
       "yuD1Vw8CpwIvKd47C7i/8TEM3UVJMTQ/w+skJR8JbAFeBuwDLiV9Q7gN+DSp2O0DvgFc13hPsFBJ\n",
       "sbULd6hKSn6MFw4P+20olomwUEmRBTnDgxyGpFJBzvAghyGpTC/Ib/0sVFJg80HO8CCHIamMhUpS\n",
       "9vYuq3up5L6p7kdbFiopsOcOrnt9wg+nuh9tWaikwOaD3DnPQiUFttdCJSl380FO8RhHIamUQz9J\n",
       "2bNQScreblZ0vQsTYaGSAnOOSlL2HPpJyl6UQuWtiKXA9rKs1jJE0wDSo4E7SAGk24FL2h6HPSop\n",
       "sBZzVAsBpGeRgh62kO6Z/kDfOgsBpOcNbLsH+C1gK7ASuBu4bWDbsdijkgKbZ1mtpUSbANLHSEUK\n",
       "4FlSgTqqzXHYo5ICe6755QllAaRvafA5xwAnAJub7ghYqKTQhs0/bZt7mm1zz4zatE0A6YKVwE2k\n",
       "dJpn23xQZaGaWTOJ/W3mDOY6axtgZkN3xw6wfnSS7dRd1fHxn3H+XGdtb1x7QWdtA4sDp5aGzVGt\n",
       "nX0Fa2df8fzzz6x/eHCVNgGkAMuBvwc+A9wyxnal7FFJgbW4PKE/gHQnKYB03ZB1BwNIZ0g5gPcD\n",
       "f9Z0B/pZqKTAWhSqNgGkxwPvAr4J3FOsfyXwT013xkIlBdbyflRNA0i/woSvKLBQSYH5Wz9J2Wtx\n",
       "eUJWLFRSYN6KWFL2HPpJyl6UuydYqKTALFSSsmehkpQ9J9MlZe856ka6581CJQXm0E9S9hz6Scqe\n",
       "11FJyp5DP0nZs1BJyp6FSlL2dge5PMG4LCmwFnFZUB1ACvDnxfvbSGkzC15OCnZ4gHRL4lPbHIc9\n",
       "KimwFkO/OgGk5wCvJd1b/S3Ax1gsSB8BbgV+nlRnfrTpjoCFSgqtxXVU/QGksBhA2l+o3gFcXzze\n",
       "TOpFHUGKeD8NuOj53YCR2VxVLFRSYC2uo6oTQFq2zipgnpSi/CngzaRI90uB/2u6M85RSYG1mKOq\n",
       "G+o4GJXVI3WATgQ+Wvz5A+CKpscA9qik0IbdM/3xuQd5fO7fR21aJ4B0cJ1VxWszxbpbitdvwkIl\n",
       "aZhhc1SHz67h8Nk1zz/fvn7j4Cp1Akg3krL/PkeaRH8aeLx472Hg9cBDpAn5+xofBBYqKbQWc1R1\n",
       "AkhvJX3z9y3S8O49fdtfDHwWWAH858B7Y7NQSYG1vDK9KoAUUjErsw04uU3j/SxUUmD+hEZS9rwf\n",
       "laTsHTD3o+rdN3iZxP4zN3N6Z20DXHrZdZ22f9XVnTZP77Lu/u0B5ujw3397d01PkpHukrLn0E9S\n",
       "9g6YoZ+kFy+/9ZOUPQuVpOxZqCRlz8l0Sdkz0l1S9hz6ScqeQz9J2fM6KknZc+gnKXsWKknZm98X\n",
       "o1CZQiMFtnvXwbWWIdokJdfZtjZ7VFJg83s7SUqus+1YLFRSYC0KVdOk5COB1TW2HYuFSgps757G\n",
       "happUvIrgaNqbDsWC5UU2L75Iaf4nZvgrn8dtWnTpOSpsFBJkQ0b+p1yZloW/MkfDa7RNCn5EWB5\n",
       "jW3H4rd+UmR7l9VblupPSl5BSkoejFPeCLy7eNyflFxn27HYo5Ii29V4ZNYmKXnYto1ZqKTI9rba\n",
       "uk1Sctm2jVmopMjaFapsWKikyPZ0vQOTYaGSIpvvegcmw0IlRebQT1L2dnW9A5NhoZIis0clKXsW\n",
       "KknZs1BJyt4Bc3nC1h37YTfKfWHDus7aBvi5yzttntl3buq0/TuY7bT9Tv/9O/x/P1FeniApew79\n",
       "JGXPyxMkZc8elaTsWagkZc9CJSl7QS5P8FbEUmTzNZfxHAbcBjwEfIkUk1VmVAjpxaS7fm4HPlzV\n",
       "oIVKimxvzWU8V5AK1euBfymeD1oIIT0beBOwDnhj8d4ZpEzA44C1wDVVDVqopMh21VzG0x88ej1w\n",
       "Xsk6/QGme1gMIQX4deCDLA5Mv1/VoIVKimxPzWU8R5DSZij+PKJknWHhpJASat4GfBWYA06qatDJ\n",
       "dCmy5j+huY0Uzz7o/QPPe5SHlY4KMD0IOJQUsXUy8LfAq0ftjIVKimzY/NMjc/Do3Kgtf3rEe4+T\n",
       "ithjwE8A3ytZZ1SA6SPA54vHW4B9wOHAE8MatFBJkQ0rVEfOpmXB19aP86kbgYtI39ZdBNxSsk5/\n",
       "COlOUgjpwq/MbwHOBDaRJuRXMKJIgXNUUmzTmaP6EKnH9RCp4HyoeP0o4B+Lx/0hpPcDf8NiCOkn\n",
       "SUO9e4EbWUxbHsoelRTZdG7z8iRwVsnrO4Gf6Xs+LIR0D/CL4zRooZIi8+4JkrIX5Cc0FiopMu/w\n",
       "KSl73j1BUvYsVJKy5xyVpOw5RyUpe16eICl7Dv0kZc+hn6Ts+a2fpOxZqCRlzzkqSdnb3fUOTIaF\n",
       "SorMoZ+k7AUZ+s1UvN+DP9gf+1FupvLGf9N1/OpOm59ZM+r++NPXu6/qv8eUbd3RXdu966vXmar1\n",
       "UH1+VulxaM3/Q0/NTKK9qfFWxFJk0wkgrZuU/ElSEMS9A69fTbot8TZSyMOPVzVooZIi6y4pGeBT\n",
       "pKTkQV8C1gBvJhW7K6satFBJkU0n3KFOUjLAl4GnSl6/jRSRBbAZWFXVoJPpUmTT+davTlJyXe8l\n",
       "JdGMZKGSDkhzxTJU26TkOt4PPAfcULWihUo6IM0Wy4IlAaRtk5Kr/BJwDvD2Ois7RyVpXAtJyTA8\n",
       "KXmUs4HLgHOpeccsC5UU2lRm0+skJUOae7qT9O3gw8B7itf/AlhJGl7eA3y0qkGHflJoU5lNr5uU\n",
       "vG7I9q8bt0ELlRRajN/QWKik0H7Y9Q5MhIVKCs0elaTsxbjPi4VKCs0elaTs2aOSlD17VJKyZ49K\n",
       "Uva8PEFS9hz6ScqeQz9J2bNHJSl79qgkZc8elaTsWagkZS/G5Qne4VMKbSrBfm0DSE8Bvka6u+cW\n",
       "4OSqBi1UUmhTuRVx2wDSDcDvAycAHyiej2ShkkKbSo+qbQDpd1mMcX858GhVg85RSaFNZTK9bQDp\n",
       "FcBXgGtInaWfrNrAQiWF1vg6qmkGkH4CuAS4GXgnaS5rVI5grUK1Y8ydkNTe6sl8zLBv/XYA3xm1\n",
       "4TQDSE9hMcXmJuDjY26/xByLFdPFxWX/LXO0N057T47xuRuA9xWPr2Ax16/MMSz91u8bwOnF47eT\n",
       "vvmTpIk6DLidpZcnlAWQ7gR288IA0pOAzcBW4C7St3+SJEmSJEmSJEmSJEmSJEl6Mft/OIzBdXrK\n",
       "OjEAAAAASUVORK5CYII=\n"
      ],
      "text/plain": [
       "<matplotlib.figure.Figure at 0x4aaef50>"
      ]
     },
     "metadata": {},
     "output_type": "display_data"
    }
   ],
   "source": [
    "kernel_w = 7\n",
    "std_dev = 1.866664\n",
    "sd_mult = 6.7\n",
    "csk = csgen.center_surround_kernel(kernel_w, std_dev, sd_mult)\n",
    "print(csk.min(), csk.max())\n",
    "print(csk.sum())\n",
    "print((csk**2).sum())\n",
    "fig = plt.figure()\n",
    "ax = plt.subplot(1,1,1)\n",
    "im = my_imshow(ax, csk, cmap=None)#, vmin=-1, vmax=1)\n",
    "fig.colorbar(im, ax=ax)\n",
    "plt.show()"
   ]
  },
  {
   "cell_type": "code",
   "execution_count": 12,
   "metadata": {
    "collapsed": false
   },
   "outputs": [
    {
     "name": "stdout",
     "output_type": "stream",
     "text": [
      "(-0.084232483352109089, 0.16678159378259727)\n",
      "9.0621954385e-15\n",
      "1.0\n"
     ]
    },
    {
     "data": {
      "image/png": [
       "iVBORw0KGgoAAAANSUhEUgAAASoAAADtCAYAAAAIoDiXAAAABHNCSVQICAgIfAhkiAAAAAlwSFlz\n",
       "AAALEgAACxIB0t1+/AAAEGJJREFUeJzt3W2MXNV5wPH/Zm3HCXZxbRrANnRpamLCixcKDVKbZNM6\n",
       "FSp9gSQKQmoSVdBWqUpR1Q+lSqXI6ktIVakvqlKlIVRRSxsikhBXSVow6qJQtQkQFnCwC4lqCBhs\n",
       "amNqkxq8y/bDmTXj2Tszd56zw16f/f+kq32Z+8y9x+x5OOfOvecBSZIkSZIkSZIkSZKkoRrp/fL6\n",
       "w7B31etzKpLa3AtM5LzBSpg9Wn/3F4C1Occbpj6Jiln4ePCtc9q8ISN2bJFi18XCcv43sDIjdoC/\n",
       "4HmOZMRyICN2zyLFPhOMO5hxzG3Qv3/2M/tHNXf8g/Ql93hDs2yxT0DS8Cxf7BNYICYqqWCldPBS\n",
       "2iGpwpsW+wQWiIlKKphTP0mNV0oHL6Udkio4opLUeKV08FLaIalCKSOqNyz2CUganuU1ty6uAHYD\n",
       "TwC/V/H6ZuA/SLcP/27Ha3uAR4CHgG+FG9DiiEoqWMbtCaPAXwNbSbfm3w9sB3a17XMAuAG4qiJ+\n",
       "lvQIUM7t+cc5opIKtqzmVuEnge+SRkbHgM8Dv9yxz/PAA63XqyzYIzkmKqlgGVO/DcD3235+msEe\n",
       "wp0FdpAS2a8Ndtbz1Zj6RR8uHgvGAVyYEXtOPHQ847Cbg3EbM46Z80Dz4YzY6DO6ALuDD28DTGXE\n",
       "Zj0kf/Jeks64tjObeeifAp4FfgS4m3St6xvRN/MalVSwbin2AeDB3qHPAGe1/XwWaVRV17Otr88D\n",
       "XyZNJU1Ukubr1sEvb21z/nb+Lg8Am0hTo73ANcC1Xd6u81rUm0kX4w8DpwA/R2vdmigTlVSwjEnr\n",
       "NPBbwL+Sks5nSZ/4/Ubr9U8DZ5A+Dfwh4FXgRuDtwFuAL7X2WwbcBtwVPxUTlVS0zNUTvt7a2n26\n",
       "7fvnOHF6OOcIeVd85zFRSQU7eT8GOJGJSipYKR28lHZIqrC8bg+fHuppZDNRSQVbZqKS1HTLRxf7\n",
       "DBaGiUoqWO0RVcMV0gxJVZa/cbHPYGGYqKSSFdLDC2mGpEqF9PBCmiGpUiE9vEYzBlmCpl3GUi2r\n",
       "MpZq2RoPzYqdiIWtfVt8zZTVo/G1Wg7PrA7HHtwd/ZsAJuOh7MiIvSfjb+pINLDbenKvIz/1k9R4\n",
       "hfTwQpohqZKf+klqvEJ6eCHNkFSpkB5eSDMkVfJiuqTGK6SHF9IMSZUK6eHW9ZNKllGBlHhJ97OA\n",
       "fwO+A+wEfjuvEcXkW0mV4rcn5JR0Pwb8DjBFqj75IKm23y6CHFFJJYuPqHJKuj9HSlKQ7uvfBazP\n",
       "aYaJSirZaM1tvtyS7nPGgIuBbwZij3PqJ5WsSw+f3AeT+3tG5pZ0hzTtu4NU7y/8xCSYqKSydenh\n",
       "ExvSNmfbznm75JZ0Xw58EfgH4M4B4io59ZNKFp/6tZd0X0Eq6b69y1E6S7qPkCorPwb8RcbZH1dj\n",
       "RDUWfOtFWqrlV+KhP/r+3eHYrcE1SMaPX3Mc3Km8GI49tGxNOHbqgngR3HvO/9lw7JNnbA7HZvlK\n",
       "9G/54IKeRkh8zpRT0n2c1BMfAR5q7f/7wL9ET8apn1SylVnR0ZLu97HAszUTlVQyn/WT1HiF9PBC\n",
       "miGpUiE9vJBmSKrk1E9S4xXSwwtphqRKhfTwQpohqZLFHSQ1XiE9vJBmSKpUSA8vpBmSKvmpn6TG\n",
       "K6SHF9IMSZUK6eGFNENSpaUz9RuLvXN8JZCsZV5ylmq5nlvCsddweyhu09Qga5F12BsPnc1YwfqJ\n",
       "8aoH5usZG9kTjv3s+68Lxz75XMYSMU8G46bG4sdcKHmrJzSGIyqpZIX08EKaIanS0pn6STppFdLD\n",
       "XTNdKtlwKyUD/FXr9YdJZbHm3Ag8SqqUfGNGCwATlVS2eHGHuUrJV5DWQb8WOK9jn58HfpxUBOLX\n",
       "gb9p/f4C4HrgMmAL8AvAW3OaYaKSSray5jZfnUrJvwR8rvX9N4E1pIIP57V+PgrMAPcC78tpholK\n",
       "KtlwKyVX7bOeNOV7J7AWeDNwJbAxpxmFXGqTVCnew+tWSu6s6QfputYngbuAl0gls14NnwkmKqls\n",
       "3Uq6PwCTD/aMrFMpuXOfja3fAdza2gD+BHiqzul2Y6KSStatpPvlaZuz7TPzdmmvlLyXVCn52o59\n",
       "tpOKlH4euBw4BOxrvfYWYD9wNnA18I5YAxITlVSy+A2fdSolf430yd93SVO8X22LvwNYR7oQ/5vA\n",
       "/4bPBBOVVLa8Ht6vUjKkZFblXVlH7mCikkrmmumSGq+QHl6jGeti75yxqgYT8dCt7AjHRpdqAdh0\n",
       "S3C5li+HD3niHSwDGjk7Hnvu1fEDX3Nd/N94z8hYOPbWiYw/yH8Pxk0F+85CWjqJStJJq5AeXkgz\n",
       "JFWZdZkXSU03U0gPL6QZkqqYqCQ13stvXFFzz1eGeh65TFRSwWZGy7hIZaKSCjZTyKLpJiqpYNMm\n",
       "KklNN1NIFy+jFZIqOfWT1HgmKkmN9zJ1b09oNhOVVDCvUUlqvKUz9VsVfOeM4jhrNz/Tf6cuxpkK\n",
       "x26aCi7VAuHlWh75WvyQu+OhbN4Zj70o47ibfiK+RMz4ePy/bc7f1MENnVWiaor2HYAjGbFtSklU\n",
       "1vWTCjbNaK2ti5yS7mtI66bvAh4jFX8Ic+onFSzjGtVcSfetpBJY95Oqzuxq26e9pPs7SCXd5xLS\n",
       "X5KKP3yAlGdOiZ4ImKikomVM/dpLusNrJd3bE1VVSffTSaXc3wl8pPXaNPBi9ETARCUV7ZX47QlV\n",
       "5do7a/NV7bMRmAGeB/4O2AI8CNwI/CB6Ml6jkgqWcY0qWtJ9ljQAugT4VOvrS8BN0TaAIyqpaN2u\n",
       "UT0y+QKPTB7qFZpT0n2kte/9rd/fgYlKUjfdrlGdP3Ea50+cdvzn27Y92blLbkn37wPnAo+TLsh/\n",
       "J9wITFRS0TIupueWdL8BuA1YAXyv47WBmaikgmWuR5VT0v1h4LKcg7czUUkFe6WQmu4mKqlgpTxC\n",
       "Y6KSCuZSxJIaz2VeJDXe0pn6rQy+c8YSF6tHD4dj19DzJrbe9sZDeSoWtqv/LkOJrX3fcYWLgm0F\n",
       "GMn4N14zHv9vm/M3dXB1MDDad8BlXjo4opIKZqKS1Hgve3uCpKZzRCWp8UxUkhrP+6gkNZ73UUlq\n",
       "PKd+khrPRCWp8SzpLqnxvEYlqfGc+klqvFISleWypIItUkn3laSCpFOkcu6fyG2HIyqpYItU0v0o\n",
       "8B5SwdFlwH3AT7e+hvRvxdHgO78UjAOOzMTXiDk0uiZ+4DPjoZwdCztvZ8YxM2zOCT6r/y5drY+H\n",
       "vsip4djDM9G1WogvuRLtOwtokUq67+O1qsgrSEnvYPREwBGVVLRFKum+j5ScHgTeShppPRY9ETBR\n",
       "SUXrdv1p/+Qu9k/u7hWaU9IdYAYYB04l1QacACZrvuc8JiqpYN2uUa2buJB1Exce//mxbV/p3CWn\n",
       "pHu7F4GvApeSkaj81E8q2AyjtbYK7SXdV5BKum/v2Gc78OHW9+0l3U8jXa8CeBPwXuChnHY4opIK\n",
       "tkgl3c8kXWR/Q2v7e+Ce6ImAiUoq2iKVdH8UuCTnwJ1MVFLBfNZPUuNl3J7QKCYqqWAuRSyp8Zz6\n",
       "SWq8UlZPMFFJBTNRSWq8pZOook+Od95sP4ADuzeEYx8+f0s49onxjeHYTVfFGnxR+Ihw0VMZwcHV\n",
       "HgC4Oh6a8288xXg49uB/xf+mwn/L0b6zgCzpLqnxls6IStJJy0QlqfG8j0pS43kflaTGc+onqfFM\n",
       "VJIa7+VXfChZUsPNTJfRxctohaRKM9NO/SQ1XCmJyuIOUsGmj43W2rqIlnSvG1ubIyqpYK/OLEpJ\n",
       "9zqxAzFRSSWLT/2iJd3PAM6pETsQE5VUsqPhLh4t6b4BWF8jdiA1WnEg9s6718XiAO7trBJd347z\n",
       "t4Zjx0b2hGM/eP0XQnGbLs1YD+fZeCjr46E5S7XczjXh2B3E/9vGa/SSrrSEBPvOQpru8vtvTcL9\n",
       "k70ioyXdh8IRlVSybonqkom0zfnUts49oiXdnwaW14gdiJ/6SSWbrrnNl1PSvU7sQBxRSSU7Fo7M\n",
       "KeneLTbMRCWVbCYrOlrSvVtsmIlKKlm3a1QnGROVVLKji30CC8NEJZXMEZWkxjNRSWo8E5Wkxovf\n",
       "ntAoJiqpZHm3JzSGiUoqmVM/SY3n7QmSGm/pjKj2xN55KmOZlx3x0D1nnBeOveV918ePOzIWitty\n",
       "8cPhY665+FA49hBrwrFTjIdjc5ZqefKLm8OxOX9TTEUD92QcdIEsnUQl6aRlopLUeN6eIKnxvD1B\n",
       "UuP5qZ+kxvMalaTGK+QalWumSyWbqbkNZi1wN/A4cBd0vdelW7XkPyRVVp4C7uHEQhCVTFRSyeLF\n",
       "HXq5iZSoziUlmpsq9pmrlnwF8HbgWmDuJsc/BbYA48CdwMf7HdBEJZVsOImqvULy54CrKvZpr7R8\n",
       "jNeqJQMcbttvFfA//Q7oNSqpZMO5RnU6qSwWra+nV+zTr9LyHwMfAn5AKrXVk4lKKtnL4ci7gTMq\n",
       "fv+xjp9nqa6q3K/S8sda203An/Naqa1KJiqpZN2mdfsmYf9kr8j39nhtHymJPQecCeyv2KdOpWWA\n",
       "fyTVB+zJRCWVrNvUb+1E2ubsnFfSvZftwEeAT7a+3lmxT3u15L2kasnXtl7bRPokENJ1q4f6HdBE\n",
       "JZVsOI/Q3Ax8AbiOdLH8g63frwc+A1xJ72rJnwDe1jq77wEf7XfAkT6vz8IdgzSgzSXBOGD1OfHY\n",
       "+CoiebHv7jclr7Zu8zPhQ64aPRKOPTyzOhx7cPeGcCyT8dCspVpyYo/8dzDw2xkH/QD075/9zPKL\n",
       "Nf8u/3lkIY43NI6opJL5CI2kxivkERoTlVSy+O0JjWKikkrm1E9S4zn1k9R4rvApqfGc+klqPBOV\n",
       "pMbzGpWkxvP2BEmN59RPUuM59ZPUeN6eIKnxls7UL7oMyfJgHCcu/T6oOzOWiNmTcdz7YitkHNi4\n",
       "MXzIA6eEQyG+Qkz1Oo117c6IncqIJbpUC8Cjwbj4Ej4LZukkKkknLa9RSWq8QkZU1vWT1HgmKkmD\n",
       "yi3pDnADaQ31naQiET2ZqCQNKrek+3tI1ZYvAi4A/qzfAU1UUtGO1dwGklvS/aOkSjRzB36+3wFN\n",
       "VFLRpmtuA4mWdJ8rX7QJeBfwn6S6RJf2O6Cf+klF6zZa+gZwX6/AYZZ0Xwb8MHA5cBmpRuCP9ToZ\n",
       "E5VUtP/r8vtLOXEgc3PnDsMs6f408KXW9/cDrwLrgAPdDujUTyraUK5RzZV0h3ol3VeQSrpvb712\n",
       "J/Azre/Pbb3eNUmBiUoq3FCuUd1MGnE9Tko4c8Ox9cBX2w48V9L9MeB2Xivpfitpqvco8E/Ah/sd\n",
       "0KmfVLShPENzENha8fu9wJVtP3+9tVWd1IcGOaCJSipaGc/QmKikopXxVHKNRHVw+GcxT8Y/7mzG\n",
       "+T40lhG7Lha3Kn5IVmbEHs2IzVkipvc10z72LFJsdLmWxeg7nbp96ndycUQlFc2pn6TGWzJTP0kn\n",
       "L0dUkhrPEZWkxnNEJanxHFFJajxvT5DUeI6oJDWe16gkNZ4jKkmN54hKUuM5opLUeEtnRPXtoZ+F\n",
       "pE6XLMzblHF7wkif1yeBd78O5yHpRPcCE5nv0asSTKcXSBWQJUmSJEmSJEmSJGkI/h/0Xvipd0iL\n",
       "wQAAAABJRU5ErkJggg==\n"
      ],
      "text/plain": [
       "<matplotlib.figure.Figure at 0x4c44e10>"
      ]
     },
     "metadata": {},
     "output_type": "display_data"
    }
   ],
   "source": [
    "kernel_w = 15\n",
    "std_dev = 1.866664*2#3.6\n",
    "sd_mult = 6.7\n",
    "csk = csgen.center_surround_kernel(kernel_w, std_dev, sd_mult)\n",
    "print(csk.min(), csk.max())\n",
    "print(csk.sum())\n",
    "print((csk**2).sum())\n",
    "fig = plt.figure()\n",
    "ax = plt.subplot(1,1,1)\n",
    "im = my_imshow(ax, csk, cmap=None)#, vmin=-1, vmax=1)\n",
    "fig.colorbar(im, ax=ax)\n",
    "plt.show()"
   ]
  },
  {
   "cell_type": "code",
   "execution_count": 5,
   "metadata": {
    "collapsed": false
   },
   "outputs": [
    {
     "name": "stdout",
     "output_type": "stream",
     "text": [
      "[[-0.61959991 -0.58140015 -0.51121364 -0.42064125 -0.32500942 -0.24093912\n",
      "  -0.18342533 -0.16298465 -0.18342533 -0.24093912 -0.32500942 -0.42064125\n",
      "  -0.51121364 -0.58140015 -0.61959991]\n",
      " [-0.58140015 -0.53824859 -0.45896602 -0.35665948 -0.24864247 -0.15368771\n",
      "  -0.08872913 -0.06564272 -0.08872913 -0.15368771 -0.24864247 -0.35665948\n",
      "  -0.45896602 -0.53824859 -0.58140015]\n",
      " [-0.51121364 -0.45896602 -0.36297466 -0.23911336 -0.10834572  0.00660299\n",
      "   0.08523709  0.1131835   0.08523709  0.00660299 -0.10834572 -0.23911336\n",
      "  -0.36297466 -0.45896602 -0.51121364]\n",
      " [-0.42064125 -0.35665948 -0.23911336 -0.08744591  0.0726706   0.21341197\n",
      "   0.30968781  0.34390375  0.30968781  0.21341197  0.0726706  -0.08744591\n",
      "  -0.23911336 -0.35665948 -0.42064125]\n",
      " [-0.32500942 -0.24864247 -0.10834572  0.0726706   0.26376426  0.43172928\n",
      "   0.54662563  0.58745892  0.54662563  0.43172928  0.26376426  0.0726706\n",
      "  -0.10834572 -0.24864247 -0.32500942]\n",
      " [-0.24093912 -0.15368771  0.00660299  0.21341197  0.43172928  0.62361926\n",
      "   0.75487987  0.80152868  0.75487987  0.62361926  0.43172928  0.21341197\n",
      "   0.00660299 -0.15368771 -0.24093912]\n",
      " [-0.18342533 -0.08872913  0.08523709  0.30968781  0.54662563  0.75487987\n",
      "   0.89733334  0.94795987  0.89733334  0.75487987  0.54662563  0.30968781\n",
      "   0.08523709 -0.08872913 -0.18342533]\n",
      " [-0.16298465 -0.06564272  0.1131835   0.34390375  0.58745892  0.80152868\n",
      "   0.94795987  1.          0.94795987  0.80152868  0.58745892  0.34390375\n",
      "   0.1131835  -0.06564272 -0.16298465]\n",
      " [-0.18342533 -0.08872913  0.08523709  0.30968781  0.54662563  0.75487987\n",
      "   0.89733334  0.94795987  0.89733334  0.75487987  0.54662563  0.30968781\n",
      "   0.08523709 -0.08872913 -0.18342533]\n",
      " [-0.24093912 -0.15368771  0.00660299  0.21341197  0.43172928  0.62361926\n",
      "   0.75487987  0.80152868  0.75487987  0.62361926  0.43172928  0.21341197\n",
      "   0.00660299 -0.15368771 -0.24093912]\n",
      " [-0.32500942 -0.24864247 -0.10834572  0.0726706   0.26376426  0.43172928\n",
      "   0.54662563  0.58745892  0.54662563  0.43172928  0.26376426  0.0726706\n",
      "  -0.10834572 -0.24864247 -0.32500942]\n",
      " [-0.42064125 -0.35665948 -0.23911336 -0.08744591  0.0726706   0.21341197\n",
      "   0.30968781  0.34390375  0.30968781  0.21341197  0.0726706  -0.08744591\n",
      "  -0.23911336 -0.35665948 -0.42064125]\n",
      " [-0.51121364 -0.45896602 -0.36297466 -0.23911336 -0.10834572  0.00660299\n",
      "   0.08523709  0.1131835   0.08523709  0.00660299 -0.10834572 -0.23911336\n",
      "  -0.36297466 -0.45896602 -0.51121364]\n",
      " [-0.58140015 -0.53824859 -0.45896602 -0.35665948 -0.24864247 -0.15368771\n",
      "  -0.08872913 -0.06564272 -0.08872913 -0.15368771 -0.24864247 -0.35665948\n",
      "  -0.45896602 -0.53824859 -0.58140015]\n",
      " [-0.61959991 -0.58140015 -0.51121364 -0.42064125 -0.32500942 -0.24093912\n",
      "  -0.18342533 -0.16298465 -0.18342533 -0.24093912 -0.32500942 -0.42064125\n",
      "  -0.51121364 -0.58140015 -0.61959991]]\n",
      "[[-0.21789289 -0.26511129 -0.28247065 -0.26784438 -0.22800609 -0.17580186\n",
      "  -0.12564714 -0.08931724 -0.12564714 -0.17580186 -0.22800609 -0.26784438\n",
      "  -0.28247065 -0.26511129 -0.21789289]\n",
      " [-0.26511129 -0.31302822 -0.3220097  -0.29063822 -0.2289407  -0.15467112\n",
      "  -0.08740131 -0.04292811 -0.08740131 -0.15467112 -0.2289407  -0.29063822\n",
      "  -0.3220097  -0.31302822 -0.26511129]\n",
      " [-0.28247065 -0.3220097  -0.31342994 -0.25666624 -0.16559724 -0.06341359\n",
      "   0.02473159  0.07876413  0.02473159 -0.06341359 -0.16559724 -0.25666624\n",
      "  -0.31342994 -0.3220097  -0.28247065]\n",
      " [-0.26784438 -0.29063822 -0.25666624 -0.1677359  -0.04188122  0.09214347\n",
      "   0.20358602  0.26814789  0.20358602  0.09214347 -0.04188122 -0.1677359\n",
      "  -0.25666624 -0.29063822 -0.26784438]\n",
      " [-0.22800609 -0.2289407  -0.16559724 -0.04188122  0.12014752  0.28655143\n",
      "   0.42144366  0.49670064  0.42144366  0.28655143  0.12014752 -0.04188122\n",
      "  -0.16559724 -0.2289407  -0.22800609]\n",
      " [-0.17580186 -0.15467112 -0.06341359  0.09214347  0.28655143  0.48162315\n",
      "   0.63730836  0.72241045  0.63730836  0.48162315  0.28655143  0.09214347\n",
      "  -0.06341359 -0.15467112 -0.17580186]\n",
      " [-0.12564714 -0.08740131  0.02473159  0.20358602  0.42144366  0.63730836\n",
      "   0.8083935   0.90149225  0.8083935   0.63730836  0.42144366  0.20358602\n",
      "   0.02473159 -0.08740131 -0.12564714]\n",
      " [-0.08931724 -0.04292811  0.07876413  0.26814789  0.49670064  0.72241045\n",
      "   0.90149225  1.          0.90149225  0.72241045  0.49670064  0.26814789\n",
      "   0.07876413 -0.04292811 -0.08931724]\n",
      " [-0.12564714 -0.08740131  0.02473159  0.20358602  0.42144366  0.63730836\n",
      "   0.8083935   0.90149225  0.8083935   0.63730836  0.42144366  0.20358602\n",
      "   0.02473159 -0.08740131 -0.12564714]\n",
      " [-0.17580186 -0.15467112 -0.06341359  0.09214347  0.28655143  0.48162315\n",
      "   0.63730836  0.72241045  0.63730836  0.48162315  0.28655143  0.09214347\n",
      "  -0.06341359 -0.15467112 -0.17580186]\n",
      " [-0.22800609 -0.2289407  -0.16559724 -0.04188122  0.12014752  0.28655143\n",
      "   0.42144366  0.49670064  0.42144366  0.28655143  0.12014752 -0.04188122\n",
      "  -0.16559724 -0.2289407  -0.22800609]\n",
      " [-0.26784438 -0.29063822 -0.25666624 -0.1677359  -0.04188122  0.09214347\n",
      "   0.20358602  0.26814789  0.20358602  0.09214347 -0.04188122 -0.1677359\n",
      "  -0.25666624 -0.29063822 -0.26784438]\n",
      " [-0.28247065 -0.3220097  -0.31342994 -0.25666624 -0.16559724 -0.06341359\n",
      "   0.02473159  0.07876413  0.02473159 -0.06341359 -0.16559724 -0.25666624\n",
      "  -0.31342994 -0.3220097  -0.28247065]\n",
      " [-0.26511129 -0.31302822 -0.3220097  -0.29063822 -0.2289407  -0.15467112\n",
      "  -0.08740131 -0.04292811 -0.08740131 -0.15467112 -0.2289407  -0.29063822\n",
      "  -0.3220097  -0.31302822 -0.26511129]\n",
      " [-0.21789289 -0.26511129 -0.28247065 -0.26784438 -0.22800609 -0.17580186\n",
      "  -0.12564714 -0.08931724 -0.12564714 -0.17580186 -0.22800609 -0.26784438\n",
      "  -0.28247065 -0.26511129 -0.21789289]]\n"
     ]
    }
   ],
   "source": [
    "cs_corr0 = convolve2d(csk, csk, mode='same', boundary='wrap')\n",
    "print(cs_corr0)\n",
    "cs_corr1 = correlate2d(csk, csk, mode='same')\n",
    "print(cs_corr1)"
   ]
  },
  {
   "cell_type": "code",
   "execution_count": 6,
   "metadata": {
    "collapsed": false
   },
   "outputs": [
    {
     "data": {
      "image/png": [
       "iVBORw0KGgoAAAANSUhEUgAAANYAAAC5CAYAAABUQcGhAAAABHNCSVQICAgIfAhkiAAAAAlwSFlz\n",
       "AAALEgAACxIB0t1+/AAABLtJREFUeJzt3UuIZGcZx+HfmDAKYxt0FJzsoqKDIqgk2URBEBOvYMRr\n",
       "jKsQ4kIjIoiCSIRIXBiFWXkhulBiXCh4N4PiGNGggi4kMRsNujALjbdWcSRtuzgtdLqqp7ur+pvO\n",
       "tM8DH131dp9z3j7Uvz7OR1GnAAAAAAAA2Gc3V/dXnz9PxztZ3Vv9q3rvEvu5qXr7vnQ03xur+6q1\n",
       "6kUDj8Mh9avq0jn1iwcd72nV5dWtLRes0U5Wz66+3y6CNepkcWH6ZPWM6jvVZ6tLqmdVl1W/rd5V\n",
       "3dUUvHurlze9yP60xDH/sDFevYdtPlq9tnqkurt6X3VLtVrdXl1R3dE0u3y3ekX1/CV6rHpgL38s\n",
       "WGz2juqa6qVNYbml6Z36xdXZ6lR1T9Ps8qrqhm32c1f1nDn126svLNnj8ep1G31VPWnj5/rGqPrc\n",
       "Rm8/qW7bVN9spel/2Wq9uq49BmkrweJc1quvNYWq6iXVtRuPv1X9eZvt3jKwp780XY/dUX1jY2x2\n",
       "SfXEplBV3Vm9Zs5+VqsXDupRsNjRP7c8P7KLbb7UdD2y1cdbflFkrbqyeln1huqdG4+3s12/K9UP\n",
       "mz+bXdd0rbkwwWIv7ml60X2kemX15G3+7s0L7HteAL5XXV89tKl2bGN8u/px9etN2x+p/to0G11Z\n",
       "/bTtZ8/V6gUL9Lldr48iWGy19R188/MPV1+s3tr0ov7dPhzv6dXPmq6V/lO9u3pu00z5zGYXRlaq\n",
       "r1ZPaHqBv2dTn//r9YbqMxv7+0FT2JZ1bdM15lOrb1a/aHpzgX33YPWUQft+XvWxBbc9tunx+6tP\n",
       "LN8OnD+/aVywlvGmphnll9XXm1YSAQAAAAAAAAAAAAAAAAAAAAAAAAAAAAAAAAAAAAAAAAAAAAAA\n",
       "AAAAAAAAAAAAAAAAAAAAAAAAAAAAAAAAAAAAAAAAAAAAAAAAAA6vE5ef+Fu1bpxznFn0/HJ4Hdnh\n",
       "9+sfXP/AeWnkArV265HbLmrn88j/mccddANwGAkWDCBYMIBgwQCCBQMIFgwgWDCAYMEAggUDCBYM\n",
       "IFgwgGDBAIIFAwgWDCBYMIBgwQCCBQNcfNANbPX4/r3wtmc7uo+dwOLMWDCAYMEAggUDCBYMcKCL\n",
       "FyutztQu7aGZ2tWdnqmd7uqZ2u87MVNbbWXB7mBxZiwYQLBgAMGCAQQLBjjQxYt5n7K4/oEv72rb\n",
       "t/WVmdqpkzfO1GaXR2A8MxYMIFgwgGDBAIIFAxzo4sUfOz5T+9DJxW90t75MM7CPzFgwgGDBAIIF\n",
       "AwgWDLDj4sXawPWNh+csXnz6Rzfvatt5t6m/8apTM7XjPbzXtmBpZiwYQLBgAMGCAQQLBjjQT14c\n",
       "7exM7fVX3TlTO/2P2e+3uObY3bvaHxwEMxYMIFgwgGDBAIIFAxzwF3b+faZ2WQ/O1G469qld7e/o\n",
       "Encqgf1kxoIBBAsGECwY4DF3R0fXSRwGZiwYQLBgAMGCAQQLBhAsGECwYADBggEECwYQLBhgx09e\n",
       "XNQjj3o+8nsGH+u2ngvYjhkLBhAsGECwYADBggH2vBIx7wL+MC5oWKhgGWYsGECwYADBggF2c3H0\n",
       "8+FdXLjWqisOugkuPGeqdeOc48yC5xYAAAAAgEPjv+8PKjXofPsaAAAAAElFTkSuQmCC\n"
      ],
      "text/plain": [
       "<matplotlib.figure.Figure at 0x4ad2610>"
      ]
     },
     "metadata": {},
     "output_type": "display_data"
    },
    {
     "data": {
      "image/png": [
       "iVBORw0KGgoAAAANSUhEUgAAANYAAAC5CAYAAABUQcGhAAAABHNCSVQICAgIfAhkiAAAAAlwSFlz\n",
       "AAALEgAACxIB0t1+/AAABVRJREFUeJzt3VuInGcdx/FvmpJKa2xrFUyxNwraxpsKbS9EURDxgBcK\n",
       "4qEoiL1QRDwggqKgQqXFI+iNICKieLgRPKCiCLFKpSparSbeeMCCvZCaaCCY2GS9eEfczM5uNrvz\n",
       "7JLN5wMvmXl23/d5Msxv/7z/eWemAAAAAAAAWLK3V0erL+3QfDdXP6v+Xb17G8d5c/WGpaxosY9V\n",
       "x6rfVN+orh04F3vQserGBeNXDprvydVt1d1tL1ijvai6Ynb73tm2ris2+iGXnc9WT6u+X72z+mBT\n",
       "5fpp9cXqidUPqt9Vn6v+Mhvbjr9Xv6z+cxH73Fv9vql6fHQ29qH+H8zbq99Wv26qNA9tc41VP6zO\n",
       "zW4/UD11o18e9VeIS9NbqhdXL6j+0fRkvbl6bnW6+nR1X1N1eVl11zrH+Vr1zAXjn6i+vM013lC9\n",
       "YrauqifM/l2ZbVVfmK3tgeqeVeOrHWz6v8xbqe6s/rDBGt5UfXWjRQoWG1mpvtUUqqrnVa+c3f5u\n",
       "dXyd/V47cE0nms7HPl99Z7atdm31+KZQVX2levmC45ysnr2F+d9fnZkdd12CxYWcmru/bxP7fL16\n",
       "xoLxT7b9psjZ6o7qhdWrqrfNbq9nvfUerH7S4mp2Z9O55rw3NlXqjearBIuLc1/Tk+4j1Uur69f5\n",
       "vdds4diLAvCj6vXVI6vGrplt36vur/64av991T+bqtEd1c9bv3qerG69iPW9pHpP9fymirkhwWLe\n",
       "/F/w1fc/3HRu8bqmJ/VflzDfU6pfNJ0rnaveUR1uqpRPbzrXW+1g9c3qcU1Beteqdf5vrXc1NVfO\n",
       "VT9uCtt2faY60NTEqOklgrcu4biwxp/bfldwPc+qPr7Ffa9Zdfu91ae2vxzYOX9qXLC249VNrfaH\n",
       "qm83dRIBAAAAAAAAAAAAAAAAAAAAAAAAAAAAAAAAAAAAAAAAAAAAAAAAAAAAAAAAAAAAAAAAAAAA\n",
       "AAAAAAAAAAAAAAAAAAAAAAAAAAAA9q5Dtx36V7Vi23A7stXHl71r3wV+vvKBlfftyEIuUWfv3nfP\n",
       "/i78OHKZuWK3FwB7kWDBAIIFA1y5u5OfHT7HY+0fPgfMU7FgAMGCAQQLBhAsGGBHmxfzzYoDndmB\n",
       "WQ+sGdHQYDQVCwYQLBhAsGAAwYIBhjUvrtpEY+K6jm/qWIc7tmbsaLdsat9He9Kasf1zTZTTCxoc\n",
       "sB0qFgwgWDCAYMEAO/oC8cFOnnf/xh7Z1H4num7N2Gb3PdNVa8ZOdnBT+8JWqVgwgGDBAIIFAwgW\n",
       "DLCU5sWit9gf6PSasfnmxeGOLmP6DT3aDWvG5l8QPrvgandXwLMdKhYMIFgwgGDBAIIFAyylebHo\n",
       "RH/RFQ/zV1A82K3LmH5Di67amF+bRgXLpmLBAIIFAwgWDCBYMMCwt40serv7/NjxBY0F2AtULBhA\n",
       "sGAAwYIBBAsGuGDz4uwW+xtnFjQvTnX1efcf7qYtHfti3NTDa8au7tR593fmyxm4nKhYMIBgwQCC\n",
       "BQMIFgywlCsvFn1mxKIrL3bjbSPzn7NRtb/H5u6v/cyORWOwWSoWDCBYMIBgwQCCBQMspXmx6ER/\n",
       "0Tc67sYHdi5qXsyvTaOCZVOxYADBggEECwbY1W90PNTfNrXfsQ6vGbtlk+dni86xYDQVCwYQLBhA\n",
       "sGAAwYIBhjUvFr3dff4q+Os7saljPaf7t7wOV66zG1QsGECwYADBggEECwbY0Ssv5psGO/F5fhoV\n",
       "7AYVCwYQLBhAsGAAwYIBdrR5MU9jgb1KxYIBBAsGECwYYDPnWL8avopL19nq9t1eBJeeI9WKbcPt\n",
       "yBYfWwAAAAAA9oz/Aj31U4pnJAafAAAAAElFTkSuQmCC\n"
      ],
      "text/plain": [
       "<matplotlib.figure.Figure at 0x4070a50>"
      ]
     },
     "metadata": {},
     "output_type": "display_data"
    },
    {
     "data": {
      "image/png": [
       "iVBORw0KGgoAAAANSUhEUgAAANYAAAC5CAYAAABUQcGhAAAABHNCSVQICAgIfAhkiAAAAAlwSFlz\n",
       "AAALEgAACxIB0t1+/AAABeZJREFUeJzt3UtoXFUcx/Fvmtra1qg1tTWBgijaUhGyaIsLF4IL0Y0K\n",
       "4qPoqgsVfLupoFSxpeITXAkqIoqPpQgqQqFWUXxgo63VIj5QaGhNfAVSU03j4k7pzcyZ3Dtz5980\n",
       "6fcDQ+aeOXPnzDC/nDn3njkDkiRJkiRJkiRJ6rC7gL3AK8fp8VYDnwD/APdX2M+twC0daVHao8BX\n",
       "wCCwHVgZ+Fiag74F+hPl84Me72xgLbCFasGK1pO7fifwwnSV58W2RbPMc8B5wHvAPcBmsp7rI+Bl\n",
       "4CzgfWAP8Dzwc62sit+AL4B/W7jPY8A3ZD3I47WyhzkWzHXA18Au4Algd8U2Aozmrp8GDE9XOeq/\n",
       "kGan24ArgMuA38nerKuBS4Fx4FlgJ1nvchWwscl+3gBWJcqfAl6t2MZe4JpauwBOr/2drF0AXqq1\n",
       "7VNgW648r4fsudSbBDYA3yVu20r2cXMMuKSNtusk9hPHeqHNwEO523YB5+a2R6jeYx21mXIfBbvJ\n",
       "xjkvAtcCp+Tufx9wBllPetTFdKbHyttEFt6m7LFUZKxuu6vEfd4ELkyUP031gyITwHrgcuA64I7a\n",
       "9WaatbcH+JB0b7aBbKzZzGvAO9M10mCpFTvJ3nRbgSuBpU3q3dDGvlMB2A7cDAzlypbULu8CHwM/\n",
       "5O7fBfxFNh5aD3wG3Njk8UaBgRbadwHwfe361WS9d1MGS/Xq/4Pntx8BXgduIntT/9KBxzsH+Jxs\n",
       "rHQEuBtYQ9ZTnk821svrAd4CTiUL0r25dh5t60aygytHgA/IwlbVNrJx4wRZmG/vwD6lpPx4rNMu\n",
       "Ap5s875Lctc3Ac9Ub450/PxIXLCquJ7so9pu4G2yI4mSJEmSJEmSJEmSJEmSJEmSJEmSJEmSJEmS\n",
       "JEmSJEmSJEmSJEmSJEmSJEmSJEmSJEmSJEmSJEmSJEmSJEmSJEmSJEmSJEmSJEmSJEmSJEmSJEmS\n",
       "JEmSJEmSJEmSJEmSJEmSJEmSJEmSJEmSJEmSNHf1re37G5j0Mu1lR7uvr+auroLbJx+cfKCtHS/k\n",
       "cGGdxYy1te9WjLG4sM44C9rd/cSWrm3dFL+OOsnMm+kGSHORwZICGCwpwPzW7zBRql4nx0997G8o\n",
       "G6K/Y+2YoLvUvv4rWU+yx5ICGCwpgMGSAhgsKUDLBy9SFiUOEKQG+is42Nb+D7OwoayXkbb2BXCA\n",
       "5VO2U+0/VOLEstSMPZYUwGBJAQyWFMBgSQEKD17Uz7RYkJi1PpHYzTKGG8oOl5hFPsBgYZ1mBhko\n",
       "VW8pf07ZHmZZQ53U86T9WfA6ydhjSQEMlhTAYEkBCsdY9Sd6uxMnfnsYbShLfXN3FfsKGzRCb2Gd\n",
       "Zlbya6l6+1g1ZTs1A36UnoYyZ7erLHssKYDBkgIYLCmAwZICtHyCOPU19rLLh6VOxM6EMu1NPc+y\n",
       "yxJI9lhSAIMlBTBYUgCDJQVoeeZFSuqr86nZGFVmVXRS/bryzrJQp9ljSQEMlhTAYEkBDJYUoCPr\n",
       "CqZmMoyfIAcqpJlgjyUFMFhSAIMlBTBYUoDCgxepNQPrpdYLTM1mOFGlZomk1xWUyrHHkgIYLCmA\n",
       "wZICGCwpQImDF8Vfn0jNvFjAeEPZEP0lmxWrj/1TtlPt73Z9C1VgjyUFMFhSAIMlBTBYUoDCgxf1\n",
       "g/jULIvUmhcpJ8qCnb2MFNapXxcDnI2h8uyxpAAGSwpgsKQALZ8gTp0wTv0iYmo8VeYXF8v+8n3K\n",
       "AIOl6tX/2uQyhhvqpJ5nmZPlEthjSSEMlhTAYEkBDJYUoOUTxKmTpGMsaig7kz8ayg6yorBBa9hb\n",
       "WKeZ1MnrlOUcmLKd+gGExRxqKHPGu8qyx5ICGCwpgMGSAhgsKUBHfhQhNdBPrStYZlZ5yn76Gsr6\n",
       "GWprX9C4VmJqXUGpCnssKYDBkgIYLCmAwZICtHzwouzsg9RXSerVf32jmSoHKsq0wxkV6jR7LCmA\n",
       "wZICGCwpQJkx1pfhrZi9JoB1M90IzT47gEkv0152tPnaSpIkSZIkSZLmjP8B1Pt1EpFtC+8AAAAA\n",
       "SUVORK5CYII=\n"
      ],
      "text/plain": [
       "<matplotlib.figure.Figure at 0x4c67d90>"
      ]
     },
     "metadata": {},
     "output_type": "display_data"
    },
    {
     "data": {
      "image/png": [
       "iVBORw0KGgoAAAANSUhEUgAAANYAAAC5CAYAAABUQcGhAAAABHNCSVQICAgIfAhkiAAAAAlwSFlz\n",
       "AAALEgAACxIB0t1+/AAABWdJREFUeJzt3VuIXVcdx/Fv2tLa1Ghioy1BIVgwRV8U2z4pCCKiCCqI\n",
       "l6JPfdAH8UKhiC9WUJSqFXwSREQUL49eUBGEWkXxjsZbQG0QqVijjQairU3HhzPF6cyZnD1nZiXO\n",
       "5POBTc5ZWXvv/zns31mz1+w9pwAAAAAAANhhb6t+XX3mAu3vxur71b+r27exnTdXb9qRis7v9urR\n",
       "6ikXYF/sIb+pjsxpv2LQ/p5a3VS9r+0F60J4RvWN6r4WBOuyC1IOu8XHq2c2O3jeUb2n2cj13erT\n",
       "zQ6mb1a/rD5RnWz7n9x/rX5c/WcL63yw+lX18+qu1bY7+18wb65+Uf2s+lB1fJs1Pubu6o4pHUd9\n",
       "CrE7vaV6afWi6u/NDtYbqxdUD1Ufq+5tNrq8vLptk+18oTo2p/0j1We3WeO11atW66p60uq/K6tL\n",
       "1adWa/tB9YE17WsdaPZa1lupbq1+u679ldWfmgV2IcHifFaqLzcLVdULq1evPv5a9eAm671+YE2n\n",
       "m52PfbL66uqy1pOrJzYLVdXnqlfM2c6Z6nkT97m/enf1kjVt+863gmCxyNl1z897QK36YvWsOe13\n",
       "t/1JkXPVLdWLq9dUb119vJnN6j1Qfaf5o9mtzc41H3NDdbTZj55VT69+slrHA/M2Llhsxb3NDrr3\n",
       "Vy+rDm3S73VLbHteAL5VvbH685q2a1aXr1ffq36/Zv191T+ajUa3VD9s89HzTPXcibUdr65b8/y+\n",
       "6vnNflyeS7BYb/0n+Nrn760+X72h2UH9xx3Y3/XVj5qdKz1avb16drOR8oY2HrwHqi9VT2gWpHeu\n",
       "qfOxWm9rNrnyaPXtZmHbSfNGOdgxC6edt+E51YeXXPeaNY/fVX10++XAhfOH/j9/UfraZlPtx6uv\n",
       "NJtJBAAAAAAAAAAAAAAAAAAAAAAAAAAAAAAAAAAAAAAAAAAAAAAAAAAAAAAAAAAAAAAAAAAAAAAA\n",
       "AAAAAAAAAAAAAAAAAAAAAAAAANi7jtx0/T+rFct5l3uWfX/Zu/Yt+P+VO1fueFzDlT289M4Od2rp\n",
       "dXfSqQ4vtd7DXbm+6dyd++66vMXvI5eYyy52AbAXCRYMIFgwwBWLOkw5pzrYg5N29kiXT+o32pR6\n",
       "T3doQ9t2zi+5tBixYADBggEECwYQLBhg4eTFuXUTDgc7PafPws3MdawTS623FSc6ttR6Bzqzoe10\n",
       "B7dbDpcIIxYMIFgwgGDBAIIFA2x51mHOFd5zHe3kwj5nOrDV3W/Zke5f2OdkR4fXwaXFiAUDCBYM\n",
       "IFgwwISr2x963POpV6hfiPOnnTL1Na1/L2AzRiwYQLBgAMGCAQQLBlg4efFwVy3cyLwr3nfT5MX+\n",
       "/rWhzZXsbIcRCwYQLBhAsGAAwYIBtnxr/jy7aaJiqimvGzZjxIIBBAsGECwYQLBggIWTF1NuqXik\n",
       "q3ekGNgrjFgwgGDBAIIFAwgWDLAjt41M/VuDu4lvb2Q7jFgwgGDBAIIFAwgWDOC2kU3M+zseMJUR\n",
       "CwYQLBhAsGAAwYIBFk5ePDThqoqrO7uh7YGuW66ii+Bp/WVD25TXDZsxYsEAggUDCBYMsPAc66p1\n",
       "V3mfbf+kDe+mXxpf298m9ds/51wS5jFiwQCCBQMIFgwgWDDAwsmL9abehn+k+xf2OdGxre5+y451\n",
       "YmGfqa/J5AVTGbFgAMGCAQQLBhAsGGDLt+Yf6MyGPg92cKmd39DvllpvK6Z8qcM8h+bcmu9bHpnK\n",
       "iAUDCBYMIFgwgGDBAAsnL9Z/OcC8qxTmnejPc6rDE8sa63CnllrPFyUwlRELBhAsGECwYIApV7f/\n",
       "dHgVu9e56uaLXQS7zz3ViuW8yz1LvrcAAAAAAOwZ/wU/gVE3pALjeAAAAABJRU5ErkJggg==\n"
      ],
      "text/plain": [
       "<matplotlib.figure.Figure at 0x4c67dd0>"
      ]
     },
     "metadata": {},
     "output_type": "display_data"
    },
    {
     "data": {
      "image/png": [
       "iVBORw0KGgoAAAANSUhEUgAAANYAAAC5CAYAAABUQcGhAAAABHNCSVQICAgIfAhkiAAAAAlwSFlz\n",
       "AAALEgAACxIB0t1+/AAABQxJREFUeJzt3E2IJHcdx+HPZqOoYTUaNSawsCi4QRE8JJ48CB58ORkQ\n",
       "X4J6CRgPvsTk4kU2guL7C55EDSIR1KN4UAQhRlF8wajxbQ/q4oohirK6sBrNZjzULGl3Z7Zrpue/\n",
       "OzN5Hiimu/pfVb9u+tu/rprqKgAAAAAAAHbYO6tfV/dcou3dUP2g+nd15wrrua16845UtLG7qj9V\n",
       "969Prxy4Lfah31TXbzD/ykHbe1Z1Y/X+VgvWaMeqO+YOvmJgIew9n6meW32zur3pzXRP9b3qi9Uz\n",
       "qm9Vv6w+V51Yn7eKv1Y/qf67hWU+VP2q+nn1kfV5d/VYMG+qftHUWT5aPbBijeccmDtw1KcQe9Pb\n",
       "qldUL6v+3vRmvaF6afVw9enqvqbu8urq1k3W85Xq6AbzP159acUar6les15X1VPX/66tT1VfWK/t\n",
       "h9UHF+YvOtT0XM63Vt1S/XaDx95RvaXpg+DO6tTWy+fx6g891oWOVe9deOz+6sjC/b+1esc651jz\n",
       "vgoerH5W3V3dXD1hYfk7qqc1ddJzXtTOdKxnN3WsA00fLHdfbLCOxTJnzrs/5+vQV6vnbzD/E61+\n",
       "UORs9ZLq5dVrq7ev397MZvUeqr7bxt3slqZ9zUV/Wbj9+errFytSsNiK+5redB+oXlU9fZNxr9/G\n",
       "ujcKwLerN1UPLsy7an36RvX96ncLyx+o/lGdbgrfj6o3bLK909WLt1DfdQt13NySLihYnO/8T/DF\n",
       "+++rvly9selN/ccd2N5zqh837Ss9Wr2rekFTp3xe077eokPV16onNQXp3Qt1nqv11qaDK49W32kK\n",
       "26o+3BTEtaavy7ftwDphQ4v7YzvthdXHtrnsVQu331N9cvVy4NL5feOCtYrXNR1oeaBpX+iay1sO\n",
       "AAAAAAAAAAAAAAAAAAAAAAAAAAAAAAAAAAAAAAAAAAAAAAAAAAAAAAAAAAAAAAAAAAAAAAAAAAAA\n",
       "AAAAAAAAAAAAAAAAAAAAwGCHb3zmP6s100Wne7f7+rJ/HVjy+Nqn1t56SQo552jHt73s8Y7uYCWz\n",
       "nL39wGcPtvx15HHmistdAOxHggUDCBYMcOWyAWc7uGMbO9KJpWPO9JRtr/9wJ2eNO9GRbW8D5tCx\n",
       "YADBggEECwYQLBhg6cGLR2YcvJh70ODhnjhr3GjX9eelY052+BJUwn6lY8EAggUDCBYMIFgwwIwz\n",
       "L5YO6V8rnC2xW8153rAZHQsGECwYQLBggC2f3X51py4Ys8oZ6bvVoU5fMO9UV1+GStiLdCwYQLBg\n",
       "AMGCAQQLBtjywYv/7JIz1C+HnbxMAfubjgUDCBYMIFgwgGDBAEsPXhzs7P/d349nWcx1/msBm9Gx\n",
       "YADBggEECwYQLBhg6cGL3XItQNhLdCwYQLBgAMGCAQQLBlh68GI/XjMQRtOxYADBggEECwYQLBhg\n",
       "yz8bOd2hYcXsdhtdxBM2omPBAIIFAwgWDCBYMIALdm6BC3Yyl44FAwgWDCBYMMCW97E2+ifpQ127\n",
       "cxXtEtf20AXz7GMxl44FAwgWDCBYMIBgwQBLD148MmOH/UxP3pFidpM5zxs2o2PBAIIFAwgWDCBY\n",
       "MMCMMy+WDun6Hpy1sRMdmTVutCOdWDpmzvOGzehYMIBgwQCCBQMIFgyw5Z+NrOJwJ5eOOd7Rba//\n",
       "aMdnjfPzD0bTsWAAwYIBBAsGmPNf0J8Or2LvOlvddLmLYO+5t1ozXXS6d5uvLQAAAAAA+8b/APr+\n",
       "PDJ2i3/OAAAAAElFTkSuQmCC\n"
      ],
      "text/plain": [
       "<matplotlib.figure.Figure at 0x4c51ed0>"
      ]
     },
     "metadata": {},
     "output_type": "display_data"
    },
    {
     "data": {
      "image/png": [
       "iVBORw0KGgoAAAANSUhEUgAAANYAAAC5CAYAAABUQcGhAAAABHNCSVQICAgIfAhkiAAAAAlwSFlz\n",
       "AAALEgAACxIB0t1+/AAABM1JREFUeJzt3UuIJWcZx+HfZMZ4iRONMkQDA4OiBt0oJMGFipeFKC4U\n",
       "xEtQN1lowHghLtyp4F2j4EZBVETxthBvqCjCGEXxgqKjJhu1MWIIQZMYiCam0y7qiD2dPn16Tvc3\n",
       "Pd3zPFDMqZqqr94uzr/eqe8cpgsAAAAAAIBd9qbqD9XnztL5Lq9+Wv27un4H47y+eu2uVDTfddVN\n",
       "1e+qDww+FwfMTdVlm2w/Muh8x6orqne3s2CN9rzq+9VDZuvHttr5guHlsJ98onpC9d3qLdU7mjrX\n",
       "j6vPVo+pvtd0x/5ktTLbthO3V7+s/nMGx7y/+n31m+qDs23v7P/BvLL6bfXr6kPVqR3WWHVt9b51\n",
       "dd6+1c6j7kLsT2+oXlg9t/pH05v18upZ1b3Vx6obm7rLi6tr5ozzpeopm2y/ofr8Dmt8bPXSWV1V\n",
       "F8/+XJstVZ+Z1fazpjCs9WBHm36Wjdaqq6ubN2x/UvWc6r1N/2x9W9MNYVOCxVbWqm80harq2dXL\n",
       "Zq+/Xd0x57hXDazpzqY39qeqb82W9R5VPbIpVFVfqF6yyTh3V884g/MeqS6pntnUEb/S1N3n7gxb\n",
       "uWfD+qFtHPPl6smbbP9IO58UWa2uql5Qvbx64+z1PPPqPVr9qM272dVNz5rr/bX66uz1L6oHmrrn\n",
       "3zcbXLA4Ezc2veneU72o6Q6+mVcuMfZmAfhB9Zrq1nXbLpot36l+Uv1x3fGHqruautFV1c+b3z3v\n",
       "rp5+BvV9rXp+9cOmm8aFzQlVCRYPtvEOvn79XdUXq1c3van/sgvne1xTB7i4qQu8uXpqU6d8YtOz\n",
       "3npHq69XD2sK0lvX1fm/Wq9pmlx5oCkId+1CnZ+eLaeq+6rX7cKYsKk/t/NZwXmeVn14yWMvWvf6\n",
       "7dVHd14OnD1/alywduIVTVPtp6pvNj0LAQAAAAAAAAAAAAAAAAAAAAAAAAAAAAAAAAAAAAAAAAAA\n",
       "AAAAAAAAAAAAAAAAAAAAAAAAAAAAAAAAAAAAAAAAAAAAAAAAAAAAABxcx6849s9qzbLlcnLZ68vB\n",
       "dWjB36/dsHbtUgOfaGWp4/bCSieWPXT1+kMfP9zi68h55oK9LgAOIsGCAQQLBjiyaIf7O3za+vFu\n",
       "2dbA93bhchXtgcf3t23td0vHB1fCQaFjwQCCBQMIFgwgWDDAwsmL1Q27/KtHDCvmXLfxWsA8OhYM\n",
       "IFgwgGDBAIIFAyx8Gn90d5y2vp++UbHbNl4LmEfHggEECwYQLBhg4TPWfT30bNQBB4qOBQMIFgwg\n",
       "WDCAYMEACycvzucPhGFZOhYMIFgwgGDBAIIFA/jmBQygY8EAggUDCBYMIFgwgG9ewAA6FgwgWDCA\n",
       "YMEAggUDLJy8OJ9/CQIsS8eCAQQLBhAsGECwYADfvIABdCwYQLBgAMGCAQQLBvB/XsAAOhYMIFgw\n",
       "gGDBAD4ghgF0LBhAsGAAwYIBBAsGWDh5cUl3nrZ+W5cOK+Zcd2m37XUJ7BM6FgwgWDCAYMEAggUD\n",
       "LJy8uL/Dp63f08OHFXOu23gtYB4dCwYQLBhAsGAAwYIBFk5erG7Y5bJu3dbAK51YqqC9cKKVbe23\n",
       "8VrAPDoWDCBYMIBgwQDbeWj41fAq9q/V6sq9LoL952S1ZtlyObnktQUAAAAA4MD4L06GMJ5oJGAg\n",
       "AAAAAElFTkSuQmCC\n"
      ],
      "text/plain": [
       "<matplotlib.figure.Figure at 0x4070a50>"
      ]
     },
     "metadata": {},
     "output_type": "display_data"
    },
    {
     "data": {
      "image/png": [
       "iVBORw0KGgoAAAANSUhEUgAAANYAAAC5CAYAAABUQcGhAAAABHNCSVQICAgIfAhkiAAAAAlwSFlz\n",
       "AAALEgAACxIB0t1+/AAABChJREFUeJzt3UuIZHcZxuFfm0GFZIwXBMnOJBiJCBqSrBQUFe9oQHIZ\n",
       "dJWFLrwggrhwEUHRhVFwJUiShRLjMlGigsKYQEQFXQjRjQZdKCKocUCMZGwXp8Si09013T1fh2mf\n",
       "B/5U1elT53x1qLe+OpfuLgAAAAAAAC6yj1aPV18/pvW9svpx9c/qE0dYzgerD1yUinb3QPWL1Xhi\n",
       "dQsX7FfVVbtMPzW0vpdWN1af7WjBOk5frD693wxTG4tL01erq6vvVfdWV1bXVi+vfld9pOWT+6qW\n",
       "LvOW6obqL0dY559X450HeM4XqndXT1ffrz5Z3VWdq+6ubqruqc5XP6jeVr36CDWu26purd6430yC\n",
       "xboPVW+t3tASlrtavqq9rnqq+kr1SEt3eUd15x7LeaC6bpfpd1ffOGKNL6neu6qr6gWr2+3VqLpv\n",
       "VdtPqs+vTV93uuW17LRdnal+vcf6X1/9qfrNfkUKFvvZrh5qCVUtb6pbVvcfrv66x/NuH6zpby37\n",
       "Y/dU31mNdVdWV7SEqur+6l27LOdc9dpDrP+O1TL3JVhs8o8dj7cu4Dnfql6xy/QvdfSDIuerm6s3\n",
       "Ve+rPry6v5e96j1dPdru3exMy77mTqdaPlhu2FSkYHEQj7S86T5Xvb160R7z3XaIZe8WgB9W76/+\n",
       "uDbt8tX4bvVY//tKtrUaT7Z0o5urn7Z39zxXveaANb65JXB/2DSjYLHTzk/w9cefqb7Z8nXoser3\n",
       "F2F9L6t+1rKv9O/qY9X1LZ3ymp55YOR09WD1/JYgfXytzv/Wemf1tdXyftQStovhtpbXD6OeqF48\n",
       "tOxXtRzWPozL1+5/qvry0cuB4/Pb5oJ1FLe2nMD9ZfXtliOJAAAAAAAAAAAAAAAAAAAAAAAAAAAA\n",
       "AAAAAAAAAAAAAAAAAAAAAAAAAAAAAAAAAAAAAAAAAAAAAAAAAAAAAAAAAAAAAAAAAAAAACfX1Te+\n",
       "8O/VtrHvOHvY7cvJtbXh59v3b7/nWAq5RJ0/s/XgZW3ejvyfec6zXQCcRIIFAwQLBpzaNMO/et5x\n",
       "1AEnio4FAwQLBggWDBAsGHABBy+eexx1wImiY8EAwYIBggUDBAsGbDx48ZQrL+DAdCwYIFgwQLBg\n",
       "gBPEMEDHggGCBQMECwYIFgxwghgG6FgwQLBggGDBAMGCAa68gAE6FgwQLBggWDBAsGDAxoMXT3fZ\n",
       "cdQBJ4qOBQMECwYIFgwQLBjgPzrCAB0LBggWDBAsGCBYMMCvjcAAHQsGCBYMECwYIFgwwB/shAE6\n",
       "FgwQLBggWDDACWIYoGPBAMGCAYIFAwQLBjhBDAN0LBggWDBAsGCAYMEAV17AAB0LBggWDBAsGCBY\n",
       "MOACrrxw8AIOSseCAYIFAwQLBmzcx6p+Pl7Fpet8ddOzXQSXnrPVtrHvOHvIbQsAAAAAwInxH3Gs\n",
       "FM5r21MOAAAAAElFTkSuQmCC\n"
      ],
      "text/plain": [
       "<matplotlib.figure.Figure at 0x304dfd0>"
      ]
     },
     "metadata": {},
     "output_type": "display_data"
    },
    {
     "data": {
      "image/png": [
       "iVBORw0KGgoAAAANSUhEUgAAANYAAAC5CAYAAABUQcGhAAAABHNCSVQICAgIfAhkiAAAAAlwSFlz\n",
       "AAALEgAACxIB0t1+/AAABEdJREFUeJzt3VuIrXUZx/HvVsnAtloRhBCBQUTdFLjtSoIOiBFE0FHq\n",
       "Kqib6GA3XgQaGEVFQRAEaRCBFQRhRUUQ7Q4UHTBKOxCdsMQLITOhstpOF+8SF8Mc9uyZZ2QvPx94\n",
       "4f++8x4eFuu3nvX+15qZAgAAAAAA4Ii9s/p19bljut7zqh9V/67ee4jzvL16y5FUtLOrq59UP69+\n",
       "Wp0avBYb6DfVFTtsv2joes+orqpu6XDBmna6unY1vq76zl47XzBdDeeVT1VXVt+s3l3d1NK5flB9\n",
       "tnpa9a3q7urT1Z9X2w7j/upn1X8PcMyHql9Vv6g+vNp2c48F81T1y5bu8pHqrkPWWHVfddlqfHl1\n",
       "7xGckyeQP/VYWG5uedtz8Wr9E9X7VuNXVo+0c7C+0PKk3r68eY/r3tTZdaynV79dW7907fgbVuO7\n",
       "qxevxh9sCdl2J3ep8c6Wt6fbPbv6S3VP9dfqWXsVOdXe2Qxb1Veqh1fr11SvWY2/Xj2wy3FvHKzp\n",
       "7y33Y7dVX1st6y6rnlL9eLV+e/WqHc7zUPWiA1z3tpb7zy9Xr6s+U71it50Fi/38c9v6ibM45ovV\n",
